I	J	Score	Match	NoMatch
19	19	0.00629503	14269.8	4.54747e-13
19	16	4.0315e+06	1559.69	10308.6
19	13	6.23e+06	1529.72	8945.67
18	18	0.0418356	53945.9	7.67386e-12
1	1	0.0063536	11079.6	9.66338e-13
13	13	0.00220458	6681.01	9.09495e-13
18	1	7.60218e+07	14084.1	18428.7
1	19	1.54217e+07	2681.18	9993.53
16	16	0.0039898	9466.83	-7.95808e-13
16	13	2.78962e+06	799.009	7274.91
1	16	1.05291e+07	1663.8	8609.43
1	13	6.34417e+06	804.384	8075.94
18	19	5.34755e+07	6395.28	27712.5
18	16	5.6944e+07	14512.8	17193.6
18	13	6.24923e+07	13933.3	16380.1
10	10	0.0451761	78258.5	-1.33582e-11
14	14	0.0804466	120045	-2.10321e-12
12	12	0.082489	123934	3.41061e-12
15	15	0.0514527	72008.8	8.18545e-12
15	18	1.14443e+08	12779.9	50197.4
10	15	1.48959e+08	4687.65	70446
15	1	1.26685e+08	4296.83	37247.4
17	17	0.0643808	128748	-1.23919e-11
15	19	9.39573e+07	10275.3	32864
14	10	4.95239e+08	7456.62	91695.1
7	7	0.191971	165777	-9.66338e-12
15	16	9.63687e+07	4530.24	36207.6
12	14	7.53197e+08	11995.1	109994
10	18	8.82132e+07	10524.4	55577.8
15	13	1.09025e+08	5119.78	34225.1
2	2	0.15336	194209	-3.46745e-12
10	1	4.98776e+07	6855.71	37813.4
10	19	7.64796e+07	7612.52	38651.6
4	4	0.0910988	171588	2.79101e-11
3	3	0.125657	209437	537.513
10	16	6.65342e+07	6851.21	37011.5
10	13	6.12786e+07	5189.14	37280.6
14	15	2.86963e+08	44545.6	51481.3
17	12	3.30557e+08	44543.2	81797.7
12	10	3.24178e+08	14347.9	86748.4
14	18	4.7316e+08	7377.68	79617.7
14	1	5.00994e+08	31311.4	34250.9
14	19	4.25384e+08	32231.8	34925.5
7	17	9.66713e+08	17029.8	130232
17	14	6.44722e+08	32765	91631.2
14	16	4.57485e+08	29133.4	35622.4
14	13	4.78155e+08	30519.7	32843.3
2	3	1.58586e+09	80653.2	121439
12	15	3.85455e+08	39945.8	58025.7
11	11	0.157837	185908	8.86757e-12
8	8	0.135628	236656	-9.43601e-12
4	7	5.22587e+08	72787.6	95894.6
12	18	2.5382e+08	26373.9	62566.2
3	4	2.01672e+08	96215.7	94565.5
12	1	3.38896e+08	33788.2	33718.8
17	10	1.44936e+08	10460.6	93042.4
7	12	1.05649e+09	41021.1	103834
12	19	3.38772e+08	36226.8	32875.2
12	16	3.5913e+08	3440.79	63259.7
12	13	3.5672e+08	1728.3	63579.3
2	4	1.40003e+09	48865.8	134033
17	15	2.47188e+08	10885.8	89492.4
7	14	2.36405e+08	71239.9	71670.9
4	17	1.51015e+09	42160.2	108008
3	7	5.47114e+08	77578.5	110297
17	18	1.35665e+08	20411.7	70935.1
11	2	4.49777e+08	59449.2	130609
17	1	1.99502e+08	8132.95	61780.7
5	5	0.235547	383602	872.544
7	10	8.19212e+08	9997.84	112020
17	19	2.31328e+08	3104.58	68404.1
2	7	9.91548e+08	62154.3	117839
17	16	2.19837e+08	2285.19	66822
4	12	1.45641e+09	32010.2	115751
17	13	2.22532e+08	7364.56	60349.8
3	17	1.65278e+09	24555.3	144806
7	15	5.438e+08	41569.1	77323.6
8	11	1.13508e+09	25804.6	185477
11	3	1.8659e+09	14429.2	183512
4	14	5.78355e+08	49503.2	96313.1
7	18	7.56683e+08	51169.8	58691.5
2	17	5.28652e+08	39063.1	122415
3	12	1.68015e+09	33199.7	133755
7	1	8.48647e+08	1574.28	86853.9
7	19	7.23851e+08	7027.51	82995.7
7	16	7.8644e+08	5104.92	82516.8
7	13	8.13077e+08	3125.54	83103.3
4	10	1.34612e+09	7408	117515
3	14	7.06407e+08	55477.2	109533
2	12	4.91674e+08	35727.2	123345
4	15	9.30355e+08	44853.5	76944.8
3	10	1.61967e+09	21483	122634
11	4	1.64329e+09	4641.19	174107
8	2	9.33093e+08	44420.6	171012
2	14	8.00293e+08	48185.6	108942
4	18	1.24519e+09	45292.9	67473.9
4	1	1.39434e+09	12875.9	78457.8
3	15	1.1614e+09	40509.1	100483
4	19	1.25741e+09	15353.3	77575.5
4	16	1.33435e+09	13166.6	77360.8
4	13	1.36612e+09	12428.6	76705.8
5	8	3.06725e+09	47038.4	263527
3	18	1.47509e+09	48487.2	83473.2
2	10	4.52745e+08	14110	122124
3	1	1.70492e+09	2104.15	108423
11	7	1.16406e+09	10417.2	165425
3	19	1.55097e+09	5636.2	106486
3	16	1.63838e+09	2361.41	107359
3	13	1.67578e+09	2152.09	106176
2	15	4.80207e+08	13179.7	119929
9	9	0.343067	473424	-6.18456e-11
8	3	2.36155e+09	59130.1	164185
0	0	0.30687	463617	-2.6148e-12
2	18	3.89765e+08	32179.9	91897.8
2	1	4.26984e+08	8497.84	94146.7
11	17	4.12979e+08	26883.7	130444
2	19	4.36666e+08	10714.9	93524.7
2	16	4.46125e+08	2663.43	99174.7
2	13	4.39898e+08	4750.56	95694.7
11	12	4.53834e+08	56062.3	98858.6
8	4	2.12808e+09	55020.3	149101
5	11	1.52817e+09	61033.4	224158
11	14	8.25024e+08	4532.9	148443
8	7	1.63129e+09	32720.4	168496
11	10	3.27854e+08	21184.9	110898
11	15	4.78687e+08	8300.91	120657
5	2	1.47512e+09	90848.9	198493
11	18	3.89578e+08	22517.6	97409.2
11	1	3.17529e+08	8927.37	89566.3
8	17	1.02136e+09	23142.1	159560
11	19	4.14479e+08	10644.2	89444.5
11	16	4.01649e+08	8594.7	89092.6
11	13	3.82762e+08	1481.81	94812.5
8	12	1.09574e+09	35563.3	144732
9	5	2.03927e+09	80054.1	348895
5	3	2.94613e+09	27026	270199
8	14	1.31261e+09	44090.3	134260
5	4	3.11922e+09	62152.5	215879
8	10	9.07785e+08	17174.1	140283
0	9	2.13119e+09	75010.6	393510
8	15	9.75183e+08	10005.1	144327
5	7	2.65786e+09	26402.6	248723
8	18	7.96027e+08	41927.3	103374
8	1	9.6312e+08	6058.42	117809
9	8	1.71414e+09	59056.5	295983
8	19	9.1497e+08	7301.35	118161
8	16	9.10285e+08	2881.3	120180
8	13	9.22397e+08	5095.54	116573
5	17	1.54076e+09	35517.6	221094
5	12	1.14965e+09	72761.1	181443
0	5	2.61353e+09	51596.6	372449
9	11	7.03284e+08	95393.3	234272
5	14	2.27531e+09	11517.2	240743
5	10	1.8554e+09	13816.3	217550
9	2	8.69461e+08	61980.1	271837
5	15	1.92596e+09	17370.7	210871
0	8	1.75816e+09	23622.8	326513
5	18	1.63173e+09	41856	177354
5	1	1.93303e+09	17605.1	180172
5	19	2.01834e+09	18872.3	180500
5	16	2.08586e+09	16803.9	180167
5	13	2.06507e+09	2879.91	192698
9	3	2.83656e+09	27972.2	313727
0	11	1.18721e+09	24142.7	300620
9	4	2.65789e+09	17792.2	304714
0	2	1.19668e+09	43374.2	285539
9	7	2.19622e+09	53220.8	266379
0	3	1.66161e+09	60881.8	275914
9	17	1.42697e+09	37406.2	263680
9	12	1.27774e+09	26982.2	271697
0	4	1.55614e+09	54149.2	263453
9	14	1.85753e+09	53616.9	243117
9	10	1.34679e+09	29076.9	246764
0	7	1.2487e+09	59606.8	255090
9	15	1.57094e+09	9183.38	263533
0	17	1.00034e+09	75338.6	220844
9	18	1.4269e+09	20799.4	242885
9	1	1.33894e+09	13472.6	228779
9	19	1.49967e+09	2976.65	240870
9	16	1.49459e+09	9433.87	232011
9	13	1.45092e+09	13957.5	226095
0	12	1.25445e+09	14922.8	278853
0	14	9.92623e+08	71052.3	220778
0	10	9.48834e+08	48772.4	222165
0	15	8.19984e+08	26599.5	241213
0	18	1.05923e+09	13134.5	245647
0	1	1.07914e+09	11773.5	225575
0	19	1.08523e+09	19056.5	219887
0	16	1.09795e+09	5469.75	231072
0	13	1.11661e+09	6500.76	228648
6	6	1.31163	1.77708e+06	2.25157e-10
6	0	6.38305e+09	113992	1.00636e+06
6	9	7.46488e+09	94466.1	1.03078e+06
6	5	4.63784e+09	148867	931910
6	8	9.13311e+09	44079.4	962787
6	11	6.96953e+09	53330.7	928162
6	2	6.46768e+09	80859.9	904784
6	3	6.85833e+09	76268.5	917258
6	4	7.45755e+09	54183.7	920149
6	7	7.36991e+09	56730.3	914697
6	17	7.03168e+09	46726.2	906187
6	12	6.03132e+09	60633.9	889872
6	14	6.91003e+09	61873.7	886688
6	10	7.94288e+09	32638.2	895030
6	15	6.56998e+09	62561.8	861982
6	18	7.32713e+09	37215.6	878296
6	1	8.89175e+09	33307.4	860772
6	19	8.12895e+09	4534.11	891140
6	16	8.83835e+09	1927.56	891345
6	13	8.99074e+09	4488.96	887391
