"NeuronID","Neuron_Type","caudal_OFC","LPal","Str","spAmy","Pd","floor_of_ls","lat_OFC","vlPFC","M1/PM","Rt","VThal","MThal","MLThal","SII","SI","lat_IPS","area_7_in_IPL","THy","VMid","ZI-H","PHy","DSP","TG","STSf","TE","STGr/STSd","VPal","pAmy","POC","HF","area_5","vm_IPS","Rh","MCC","VPons","belt","PrT","PThal","VMed","GThal","dlPFC","area_8A","core","MST","STGc","LMid","DMid","DPons","DMed","ACC","PCgG","med_OFC"
"001.swc","ITs",437.046999999995,14.371,241.157999999999,8.56699999999999,90.7060000000007,119.197000000002,0,0,0,0,0,0,0,0,0,0,0,0,0,0,0,0,0,0,0,0,0,0,0,0,0,0,0,0,0,0,0,0,0,0,0,0,0,0,0,0,0,0,0,0,0,0
"002.swc","ITi",25.749,0,0,0,0,0,0,0,0,0,0,0,0,0,0,0,0,0,0,0,0,0,0,0,0,0,0,0,0,0,0,0,0,0,0,0,0,0,0,0,0,0,0,0,0,0,0,0,0,0,0,0
"007.swc","ITs",198.269000000002,41.779,55.6819999999999,0,3.762,0,38.1809999999999,5.659,35.7849999999999,0,0,0,0,0,0,0,0,0,0,0,0,0,0,0,0,0,0,0,0,0,0,0,0,0,0,0,0,0,0,0,0,0,0,0,0,0,0,0,0,0,0,0
"008.swc","CT",51.528,9.496,59.41,0,0,0,0,0,0,4.716,16.851,119.597000000001,162.171000000002,0,0,0,0,0,0,0,0,0,0,0,0,0,0,0,0,0,0,0,0,0,0,0,0,0,0,0,0,0,0,0,0,0,0,0,0,0,0,0
"009.swc","CT",43.552,8.503,50.539,0,11.482,0,0,0,0,1.294,16.166,72.4109999999998,169.521,0,0,0,0,0,0,0,0,0,0,0,0,0,0,0,0,0,0,0,0,0,0,0,0,0,0,0,0,0,0,0,0,0,0,0,0,0,0,0
"012.swc","ITi",67.1459999999999,6.431,0,0,0,0,0,0,295.907999999998,0,0,0,0,166.977000000001,0,0,0,0,0,0,0,0,0,0,0,0,0,0,0,0,0,0,0,0,0,0,0,0,0,0,0,0,0,0,0,0,0,0,0,0,0,0
"013.swc","ITs",238.696,67.466,1750.28699999997,2.608,2.593,6.561,3.085,45.9579999999999,752.592999999983,0,0,0,0,268.166999999998,76.378,32.234,34.2869999999999,0,0,0,0,0,0,0,0,0,0,0,0,0,0,0,0,0,0,0,0,0,0,0,0,0,0,0,0,0,0,0,0,0,0,0
"014.swc","PT",109.026,10.887,54.244,0,21.997,0,0,0,0,8.547,0,0,0,0,0,0,0,59.627,18.132,24.99,0.715,14.046,0,0,0,0,0,0,0,0,0,0,0,0,0,0,0,0,0,0,0,0,0,0,0,0,0,0,0,0,0,0
"015.swc","ITs",110.634000000001,4.403,152.499000000001,0,0,0,0,0,0,0,0,0,0,0,0,0,0,0,0,0,0,0,67.5359999999999,79.2589999999999,30.158,6.849,6.58,29.641,0,0,0,0,0,0,0,0,0,0,0,0,0,0,0,0,0,0,0,0,0,0,0,0
"016.swc","ITi",356.005999999996,9.92,0,0.022,0,146.059000000002,0,0.55,309.808999999998,0,0,0,0,0,0,0,0,0,0,0,0,0,0,0,0,0,13.378,118.814000000001,0,0,0,0,0,0,0,0,0,0,0,0,0,0,0,0,0,0,0,0,0,0,0,0
"018.swc","ITi",182.690000000002,0,0,0,0,11.275,0,0,0,0,0,0,0,0,0,0,0,0,0,0,0,0,0,0,0,0,0,0,0,0,0,0,0,0,0,0,0,0,0,0,0,0,0,0,0,0,0,0,0,0,0,0
"039.swc","ITi",182.583000000001,0,0,0,0,144.050000000001,0,0,79.8650000000004,0,0,0,0,0,0,0,0,0,0,0,0,0,0,0,0,0,0,0,0,0,0,0,0,0,0,0,0,0,0,0,0,0,0,0,0,0,0,0,0,0,0,0
"042.swc","ITi",160.603000000001,22.16,0,0,0,7.417,0,0,5.141,0,0,0,0,3.276,0,0,0,0,0,0,0,0,0,0,0,0,0,0,0,0,0,0,0,0,0,0,0,0,0,0,0,0,0,0,0,0,0,0,0,0,0,0
"044.swc","ITi",17.061,0,0,0,0,0,0,0,0,0,0,0,0,0,0,0,0,0,0,0,0,0,0,0,0,0,0,0,0,0,0,0,0,0,0,0,0,0,0,0,0,0,0,0,0,0,0,0,0,0,0,0
"045.swc","ITs",78.7450000000004,9.72799999999999,53.966,4.868,47.119,0,0,0,0,0,0,0,0,0,0,0,0,40.3899999999999,0,0,0,9.442,0,0,0,0,0,0,0.853,0,0,0,0,0,0,0,0,0,0,0,0,0,0,0,0,0,0,0,0,0,0,0
"046.swc","ITs",91.5020000000008,9.264,59.4839999999999,0,0,0,0,0,0,0,0,0,0,0,0,0,0,0,0,0,0,0,0,0,0,0,0,0,0,0,0,0,0,0,0,0,0,0,0,0,0,0,0,0,0,0,0,0,0,0,0,0
"047.swc","ITi",23.5049999999999,0,0,0,0,0,0,0,0,0,0,0,0,0,0,0,0,0,0,0,0,0,0,0,0,0,0,0,0,0,0,0,0,0,0,0,0,0,0,0,0,0,0,0,0,0,0,0,0,0,0,0
"048.swc","ITi",115.294000000002,0,0,0,0,174.000000000001,0,0,0,0,0,0,0,0,0,0,0,0,0,0,0,0,0,0,0,0,0,0,0,0,0,0,0,0,0,0,0,0,0,0,0,0,0,0,0,0,0,0,0,0,0,0
"049.swc","ITi",83.5940000000006,7.05,0,0,0,0,0,0,0,0,0,0,0,0,0,0,0,0,0,0,0,0,0,0,0,0,0,0,0,0,0,0,0,0,0,0,0,0,0,0,0,0,0,0,0,0,0,0,0,0,0,0
"050.swc","ITi",34.967,0,0,0,0,0,0,0,0,0,0,0,0,0,0,0,0,0,0,0,0,0,0,0,0,0,0,0,0,0,0,0,0,0,0,0,0,0,0,0,0,0,0,0,0,0,0,0,0,0,0,0
"051.swc","ITi",245.584000000002,18.042,0,0,0,0,54.3070000000001,0,196.671999999999,0,0,0,0,0,0,0,0,0,0,0,0,0,0,0,0,0,0,0,0,0,0,0,0,0,0,0,0,0,0,0,0,0,0,0,0,0,0,0,0,0,0,0
"052.swc","ITs",163.382000000001,15.862,1212.20699999998,0,0,0,0,0,0,0,0,0,0,0,0,3.555,433.909000000004,0,0,0,0,0,0,0,0,0,0,0,0,0,0,0,0,0,0,0,0,0,0,0,0,0,0,0,0,0,0,0,0,0,0,0
"053.swc","ITi",150.943,0,0,0,0,0,0,0,0,0,0,0,0,0,0,0,0,0,0,0,0,0,0,0,0,0,0,0,0,0,0,0,0,0,0,0,0,0,0,0,0,0,0,0,0,0,0,0,0,0,0,0
"054.swc","ITs",83.7799999999998,52.3329999999999,147.975000000001,0,11.723,0,0,0,0,0,0,0,0,0,0,0,0,0,0,0,0,0,0,0,0,0,0,0,0,0,0,0,0,0,0,0,0,0,0,0,0,0,0,0,0,0,0,0,0,0,0,0
"055.swc","ITi",156.405000000002,0,0,0,0,2.648,0,0,0,0,0,0,0,0,0,0,0,0,0,0,0,0,0,0,0,0,0,0,0,0,0,0,0,0,0,0,0,0,0,0,0,0,0,0,0,0,0,0,0,0,0,0
"056.swc","ITi",107.044,4.528,0,0,0,0,75.6019999999999,0,0,0,0,0,0,0,0,0,0,0,0,0,0,0,0,0,0,0,0,0,0,0,0,0,0,0,0,0,0,0,0,0,0,0,0,0,0,0,0,0,0,0,0,0
"057.swc","ITs",186.561000000001,31.583,48.1999999999999,0,5.94199999999999,82.1150000000007,0,0,0,0,0,0,0,0,0,0,0,0,0,0,0,0,0,0,0,0,0,0,0,0,0,0,0,0,0,0,0,0,0,0,0,0,0,0,0,0,0,0,0,0,0,0
"058.swc","ITi",86.219,0,0,0,0,144.944000000002,0,0,0,0,0,0,0,0,0,0,0,0,0,0,0,0,0,0,0,0,0,0,0,0,0,0,0,0,0,0,0,0,0,0,0,0,0,0,0,0,0,0,0,0,0,0
"059.swc","ITi",77.9619999999999,0,0,0,0,16.447,0,0,0,0,0,0,0,0,0,0,0,0,0,0,0,0,0,0,0,0,0,0,0,0,0,0,0,0,0,0,0,0,0,0,0,0,0,0,0,0,0,0,0,0,0,0
"060.swc","ITi",472.178999999991,0,0,0,0,104.042000000001,0,0,0,0,0,0,0,0,0,0,0,0,0,0,0,0,0,0,0,0,0,0,0,0,0,0,0,0,0,0,0,0,0,0,0,0,0,0,0,0,0,0,0,0,0,0
"061.swc","ITs",315.890000000002,62.5009999999999,81.5009999999999,17.502,96.176000000001,180.807,0,0,609.250999999995,0,0,0,0,0,0.629,0,0,0,0,0,0,0,0,0,0,0,13.268,0,0,0,0,0,0,0,0,0,0,0,0,0,0,0,0,0,0,0,0,0,0,0,0,0
"062.swc","ITi",39.697,37.447,0,0,0,0,0,0,0,0,0,0,0,0,0,0,0,0,0,0,0,0,0,0,0,0,0,0,0,0,0,0,0,0,0,0,0,0,0,0,0,0,0,0,0,0,0,0,0,0,0,0
"063.swc","ITi",65.4889999999999,0,0,0,0,0,0,0,0,0,0,0,0,0,0,0,0,0,0,0,0,0,0,0,0,0,0,0,0,0,0,0,0,0,0,0,0,0,0,0,0,0,0,0,0,0,0,0,0,0,0,0
"064.swc","ITi",49.449,0,0,0,0,0,0,0,0,0,0,0,0,0,0,0,0,0,0,0,0,0,0,0,0,0,0,0,0,0,0,0,0,0,0,0,0,0,0,0,0,0,0,0,0,0,0,0,0,0,0,0
"065.swc","ITi",57.1139999999999,0,0,0,0,9.314,0,0,0,0,0,0,0,0,0,0,0,0,0,0,0,0,0,0,0,0,0,0,0,0,0,0,0,0,0,0,0,0,0,0,0,0,0,0,0,0,0,0,0,0,0,0
"066.swc","PT",247.813,7.318,52.289,0,1.076,64.0090000000001,0,0,0,7.546,21.803,0,0,0,0,0,0,0.475,4.405,30.7010000000001,0,0,0,0,0,0,0,0,0,0,0,0,0,0,0,0,0,0,0,0,0,0,0,0,0,0,0,0,0,0,0,0
"067.swc","ITi",296.292000000002,0,0,0,0,165.233000000001,0,0,27.655,0,0,0,0,0,0,0,0,0,0,0,0,0,0,0,0,0,0,0,0,0,0,0,0,0,0,0,0,0,0,0,0,0,0,0,0,0,0,0,0,0,0,0
"068.swc","ITi",151.771000000001,17.949,0,0,0,0,0,0,0,0,0,0,0,0,0,0,0,0,0,0,0,0,0,0,0,0,0,0,0,0,0,0,0,0,0,0,0,0,0,0,0,0,0,0,0,0,0,0,0,0,0,0
"069.swc","ITi",40.4939999999999,0,0,0,0,0,0,0,0,0,0,0,0,0,0,0,0,0,0,0,0,0,0,0,0,0,0,0,0,0,0,0,0,0,0,0,0,0,0,0,0,0,0,0,0,0,0,0,0,0,0,0
"071.swc","ITi",64.3659999999999,0,0,0,0,0,0,0,0,0,0,0,0,0,0,0,0,0,0,0,0,0,0,0,0,0,0,0,0,0,0,0,0,0,0,0,0,0,0,0,0,0,0,0,0,0,0,0,0,0,0,0
"072.swc","ITi",1201.12099999999,0,0,0,0,0,64.1249999999998,0,831.071999999989,0,0,0,0,0.849,15.927,0,0,0,0,0,0,0,0,0,0,0,0,0,0,0,0,0,0,0,0,0,0,0,0,0,0,0,0,0,0,0,0,0,0,0,0,0
"073.swc","ITi",44.82,0,0,0,0,0,0,0,0,0,0,0,0,0,0,0,0,0,0,0,0,0,0,0,0,0,0,0,0,0,0,0,0,0,0,0,0,0,0,0,0,0,0,0,0,0,0,0,0,0,0,0
"074.swc","ITi",91.0049999999999,0,0,0,0,107.481000000002,0,0,0,0,0,0,0,0,0,0,0,0,0,0,0,0,0,0,0,0,0,0,0,0,0,0,0,0,0,0,0,0,0,0,0,0,0,0,0,0,0,0,0,0,0,0
"075.swc","ITi",89.7730000000008,0,0,0,0,0,0,0,0,0,0,0,0,0,0,0,0,0,0,0,0,0,0,0,0,0,0,0,0,0,0,0,0,0,0,0,0,0,0,0,0,0,0,0,0,0,0,0,0,0,0,0
"076.swc","ITi",69.9859999999999,0,0,0,0,0,0,0,48.847,0,0,0,0,1.254,0,0,0,0,0,0,0,0,0,0,0,0,0,0,0,0,0,0,0,0,0,0,0,0,0,0,0,0,0,0,0,0,0,0,0,0,0,0
"077.swc","ITi",85.746,0,0,0,0,0,0,0,0,0,0,0,0,0,0,0,0,0,0,0,0,0,0,0,0,0,0,0,0,0,0,0,0,0,0,0,0,0,0,0,0,0,0,0,0,0,0,0,0,0,0,0
"078.swc","ITi",178.936000000002,0,0,0,0,0,13.6,0,0,0,0,0,0,0,0,0,0,0,0,0,0,0,0,0,0,0,0,0,0,0,0,0,0,0,0,0,0,0,0,0,0,0,0,0,0,0,0,0,0,0,0,0
"080.swc","ITi",72.1439999999999,8.58900000000001,0,0,0,0,0,0,0,0,0,0,0,0,0,0,0,0,0,0,0,0,0,0,0,0,0,0,0,0,0,0,0,0,0,0,0,0,0,0,0,0,0,0,0,0,0,0,0,0,0,0
"081.swc","ITi",118.846000000001,0,0,0,0,0,0,0,0,0,0,0,0,0,0,0,0,0,0,0,0,0,0,0,0,0,0,0,0,0,0,0,0,0,0,0,0,0,0,0,0,0,0,0,0,0,0,0,0,0,0,0
"082.swc","ITi",254.630000000001,9.95799999999999,0,0,0,0,82.014,0,0,0,0,0,0,152.410000000001,0,0,0,0,0,0,0,0,0,0,0,0,0.5,0,0,0,0,0,0,0,0,0,0,0,0,0,0,0,0,0,0,0,0,0,0,0,0,0
"083.swc","ITs",158.862000000002,51.41,131.622000000001,1.429,8.33399999999999,41.4000000000001,0,0,0,0,0,0,0,0,0,0,0,0,0,0,0,2.234,3.77,0,0,0,0,0,0,0,0,0,0,0,0,0,0,0,0,0,0,0,0,0,0,0,0,0,0,0,0,0
"084.swc","ITs",234.991999999999,33.784,21.712,1.367,0,0,0,0,0,0,0,0,0,0,0,0,0,0,0,0,0,0,0,0,0,0,6.245,0,0,0,0,0,0,0,0,0,0,0,0,0,0,0,0,0,0,0,0,0,0,0,0,0
"085.swc","ITs",956.226999999987,11.291,522.46999999999,0,15.444,0,0,0,0,0,0,0,0,0,0,0,0,0,0,0,0,0,0,0,0,0,0,0,0,0,0,0,0,0,0,0,0,0,0,0,0,0,0,0,0,0,0,0,0,0,0,0
"086.swc","ITi",27.5829999999999,0,0,0,0,0,0,0,0,0,0,0,0,0,0,0,0,0,0,0,0,0,0,0,0,0,0,0,0,0,0,0,0,0,0,0,0,0,0,0,0,0,0,0,0,0,0,0,0,0,0,0
"087.swc","ITs",65.725,7.43099999999999,280.753,0,14.679,0,0,0,0,0,0,0,0,0,0,0,0,0,0,0,0,0,0,0,0,0,0,0,0,0,0,0,0,0,0,0,0,0,0,0,0,0,0,0,0,0,0,0,0,0,0,0
"088.swc","ITi",43.5700000000001,0,0,0,0,0,0,0,0,0,0,0,0,0,0,0,0,0,0,0,0,0,0,0,0,0,0,0,0,0,0,0,0,0,0,0,0,0,0,0,0,0,0,0,0,0,0,0,0,0,0,0
"089.swc","ITi",32.2989999999999,0,0,0,0,0,0,0,0,0,0,0,0,0,0,0,0,0,0,0,0,0,0,0,0,0,0,0,0,0,0,0,0,0,0,0,0,0,0,0,0,0,0,0,0,0,0,0,0,0,0,0
"090.swc","ITi",72.257,0,0,0,0,4.6,0,0,0,0,0,0,0,0,0,0,0,0,0,0,0,0,0,0,0,0,0,0,0,0,0,0,0,0,0,0,0,0,0,0,0,0,0,0,0,0,0,0,0,0,0,0
"091.swc","ITi",506.670000000005,0,0,0,0,43.263,281.928,0,198.757,0,0,0,0,0,0,0,0,0,0,0,0,0,0,0,0,0,0,0,0,0,0,0,0,0,0,0,0,0,0,0,0,0,0,0,0,0,0,0,0,0,0,0
"095.swc","ITi",55.251,0,0,0,0,0,0,0,0,0,0,0,0,0,0,0,0,0,0,0,0,0,0,0,0,0,0,0,0,0,0,0,0,0,0,0,0,0,0,0,0,0,0,0,0,0,0,0,0,0,0,0
"096.swc","ITs",0,0.851,43.5129999999999,0,0,314.394999999995,0,0,175.891000000001,0,0,0,0,144.202000000002,0,0,0,0,0,0,0,0,0,0,0,0,2.677,49.265,0,0,0,0,0,0,0,0,0,0,0,0,0,0,0,0,0,0,0,0,0,0,0,0
"097.swc","ITs",0,18.428,1139.81499999999,0,0,472.817999999994,0,0,0,0,0,0,0,61.4889999999998,0,0,0,0,0,0,0,0,0,0,0,0,0,0,0,79.976,0,0,0,0,0,0,0,0,0,0,0,0,0,0,0,0,0,0,0,0,0,0
"098.swc","ITs",0,60.9030000000001,179.064000000001,0,0,271.450999999998,0,0,15.271,0,0,0,0,524.521999999996,186.83,11.12,526.600999999998,0,0,0,0,0,0,0,0,0,0,0,0,0,5.413,20.255,0,0,0,0,0,0,0,0,0,0,0,0,0,0,0,0,0,0,0,0
"099.swc","ITi",0,1.715,0,0,0,42.655,0,0,0,0,0,0,0,0,0,0,0,0,0,0,0,0,0,83.1830000000004,6.705,0,0,0,0,0,0,0,0,0,0,0,0,0,0,0,0,0,0,0,0,0,0,0,0,0,0,0
"100.swc","ITi",0,0,0,0,0,196.223999999999,0,0,0,0,0,0,0,4.917,0,0,0,0,0,0,0,0,0,0,0,0,0,0,0,0,0,0,0,0,0,0,0,0,0,0,0,0,0,0,0,0,0,0,0,0,0,0
"101.swc","ITi",0,0,0,0,0,34.512,0,0,0,0,0,0,0,0,0,0,0,0,0,0,0,0,0,0,0,0,0,0,0,0,0,0,0,0,0,0,0,0,0,0,0,0,0,0,0,0,0,0,0,0,0,0
"102.swc","ITi",0,0,0,0,0,36.845,0,0,0,0,0,0,0,0,0,0,0,0,0,0,0,0,0,0,0,0,0,0,0,0,0,0,0,0,0,0,0,0,0,0,0,0,0,0,0,0,0,0,0,0,0,0
"103.swc","ITs",0,6.74999999999999,42.3949999999999,0,0,762.775999999988,0,0,0,0,0,0,0,0,0,0,0,0,0,0,0,0,0,0,0,0,0,0,0,0,0,0,0,0,0,0,0,0,0,0,0,0,0,0,0,0,0,0,0,0,0,0
"104.swc","ITs",0,89.9310000000001,1660.02499999996,0,0,402.147999999997,0,0,0,0,0,0,0,30.06,0,0,0,0,0,0,0,0,98.677000000001,59.6699999999999,230.869,0,8.373,19.631,0,0,0,0,0,0,0,0,0,0,0,0,0,0,0,0,0,0,0,0,0,0,0,0
"105.swc","ITi",0,38.908,0,0,0,352.998999999993,0,0,0,0,0,0,0,0,0,0,0,0,0,0,0,0,0,0,0,0,19.278,0,0,0,0,0,218.652000000001,0,0,0,0,0,0,0,0,0,0,0,0,0,0,0,0,0,0,0
"106.swc","ITi",0,0,0,0,0,391.100999999993,0,0,0,0,0,0,0,32.3219999999999,0,0,0,0,0,0,0,0,0,0,0,0,0,0,0,0,0,0,0,0,0,0,0,0,0,0,0,0,0,0,0,0,0,0,0,0,0,0
"107.swc","ITi",0,0,0,0,0,124.845000000001,0,0,0,0,0,0,0,14.832,0,0,0,0,0,0,0,0,0,0,0,0,0,0,0,0,0,0,0,0,0,0,0,0,0,0,0,0,0,0,0,0,0,0,0,0,0,0
"108.swc","ITi",0,0,0,0,0,305.623999999998,0,0,0,0,0,0,0,7.71599999999999,0,0,0,0,0,0,0,0,0,0,0,0,0,0,0,0,0,0,0,0,0,0,0,0,0,0,0,0,0,0,0,0,0,0,0,0,0,0
"109.swc","ITi",0,15.84,0,0,0,90.464000000001,0,0,0,0,0,0,0,0,0,0,0,0,0,0,0,0,0,0,0,0,0,0,0,0,0,0,35.197,364.814999999995,0,0,0,0,0,0,0,0,0,0,0,0,0,0,0,0,0,0
"110.swc","ITi",0,0,0,0,0,47.3769999999999,0,0,0,0,0,0,0,0,0,0,0,0,0,0,0,0,0,0,0,0,0,0,0,0,0,0,0,0,0,0,0,0,0,0,0,0,0,0,0,0,0,0,0,0,0,0
"111.swc","ITi",0,0,0,0,0,347.632999999997,0,0,0,0,0,0,0,0,0,0,0,0,0,0,0,0,0,0,0,0,0,0,0,0,0,0,0,0,0,0,0,0,0,0,0,0,0,0,0,0,0,0,0,0,0,0
"113.swc","ITi",0,0,0,0,0,8.226,0,0,0,0,0,0,0,0,0,0,0,0,0,0,0,0,0,0,0,0,0,0,0,0,0,0,0,0,0,0,0,0,0,0,0,0,0,0,0,0,0,0,0,0,0,0
"116.swc","ITi",0,0,0,0,0,58.003,0,0,0,0,0,0,0,0,0,0,0,0,0,0,0,0,0,0,0,0,0,0,0,0,0,0,0,0,0,0,0,0,0,0,0,0,0,0,0,0,0,0,0,0,0,0
"117.swc","ITi",0.887,0,0,0,0,954.782999999984,0,0,0,0,0,0,0,0.425,0,0,0,0,0,0,0,0,18.852,0,35.977,0,0,143.658,0,0,0,0,16.395,0,0,0,0,0,0,0,0,0,0,0,0,0,0,0,0,0,0,0
"118.swc","ITi",0,30.163,0,0,0,366.270999999997,0,0,0,0,0,0,0,0,0,0,0,0,0,0,0,0,0,0,0,0,14.474,20.709,0,0,0,0,0,0,0,0,0,0,0,0,0,0,0,0,0,0,0,0,0,0,0,0
"119.swc","ITi",0,4.356,0,0,0,161.101000000001,0,0,0,0,0,0,0,0,0,0,0,0,0,0,0,0,0,0,0,0,0,0,0,0,0,0,0,0,0,0,0,0,0,0,0,0,0,0,0,0,0,0,0,0,0,0
"120.swc","ITi",0,0,0,0,0,59.9289999999999,0,0,0,0,0,0,0,0,0,0,0,0,0,0,0,0,0,0,0,0,0,0,0,0,0,0,0,0,0,0,0,0,0,0,0,0,0,0,0,0,0,0,0,0,0,0
"121.swc","ITi",0,0,0,0,0,75.3900000000003,0,0,0,0,0,0,0,0,0,0,0,0,0,0,0,0,0,0,0,0,0,0,0,0,0,0,0,0,0,0,0,0,0,0,0,0,0,0,0,0,0,0,0,0,0,0
"122.swc","ITs",0,89.8800000000002,58.42,23.47,0,352.037999999995,0,0,0,0,0,0,0,0,0,0,0,0,0,0,0,0,107.87,0,0,0,41.482,187.145,0,0,0,0,359.809000000001,0,0,0,0,0,0,0,0,0,0,0,0,0,0,0,0,0,0,0
"123.swc","ITi",203.193000000001,0,0,0,0,655.707999999989,0,0,4.454,0,0,0,0,0,0,0,0,0,0,0,0,0,0,0,0,0,0,0,0,0,0,0,0,0,0,0,0,0,0,0,0,0,0,0,0,0,0,0,0,0,0,0
"124.swc","ITs",0,8.58599999999999,116.994000000002,0,0,1273.49599999998,0,0,0,0,0,0,0,0,0,0,0,0,0,0,0,0,0,0,0,0,0,0,0,0,0,0,0,0,0,0,0,0,0,0,0,0,0,0,0,0,0,0,0,0,0,0
"125.swc","ITi",0,0,0,0,0,882.710999999987,0,0,0,0,0,0,0,2.445,0,0,0,0,0,0,0,0,0,0,0,0,0,0,0,0,0,0,0,0,0,0,0,0,0,0,0,0,0,0,0,0,0,0,0,0,0,0
"126.swc","ITi",53.342,37.135,6.492,0,0.426,611.05199999999,0,0,7.664,0,0,0,0,0.151,0,0,0,0,0,0,0,0,0,0,0,0,0,31.744,0,0,0,0,7.52099999999999,0,0,0,0,0,0,0,0,0,0,0,0,0,0,0,0,0,0,0
"127.swc","ITi",0,0,0,0,0,248.969999999997,0,0,0,0,0,0,0,0,0,0,0,0,0,0,0,0,0,0,0,0,0,0,0,0,0,0,0,0,0,0,0,0,0,0,0,0,0,0,0,0,0,0,0,0,0,0
"128.swc","ITs",0,17.498,305.332000000001,24.721,13.576,454.123999999991,0,0,0,0,0,0,0,0,0,0,0,0,0,0,0,1.002,0,0,0,0,0,0,0,0,0,0,0,0,0,0,0,0,0,0,0,0,0,0,0,0,0,0,0,0,0,0
"129.swc","ITi",0,4.019,0,0,0,159.323000000001,0,0,0,0,0,0,0,0,0,0,0,0,0,0,0,0,0,80.7680000000002,1.648,0,0,0,0,0,0,0,0,0,0,0,0,0,0,0,0,0,0,0,0,0,0,0,0,0,0,0
"130.swc","ITi",0,0,0,0,0,70.4520000000001,0,0,0,0,0,0,0,0,0,0,0,0,0,0,0,0,0,0,0,0,0,0,0,0,0,0,0,0,0,0,0,0,0,0,0,0,0,0,0,0,0,0,0,0,0,0
"131.swc","ITs",0,17.622,228.739999999999,1.509,1.903,798.101999999979,0,0,0,0,0,0,0,1.273,0,0,0,0,0,0,0,0,0,0,0,0,0,0,0,0,0,0,0,0,0,0,0,0,0,0,0,0,0,0,0,0,0,0,0,0,0,0
"132.swc","ITi",0,0,0,0,0,37.6589999999999,0,0,0,0,0,0,0,0,0,0,0,0,0,0,0,0,0,0,0,0,0,0,0,0,0,0,0,0,0,0,0,0,0,0,0,0,0,0,0,0,0,0,0,0,0,0
"133.swc","ITi",0,0,0,0,0,172.003000000001,0,0,0,0,0,0,0,0,0,0,0,0,0,0,0,0,0,0,0,0,0,0,0,0,0,0,0,0,0,0,0,0,0,0,0,0,0,0,0,0,0,0,0,0,0,0
"134.swc","PT",0,20.209,29.299,18.423,75.054,398.720999999996,0,0,0,0,0,0,0,0,0,0,0,0,1.184,0,0,15.557,0,0,0,0,0,0,37.658,0,0,0,0,0,10.764,0,0,0,0,0,0,0,0,0,0,0,0,0,0,0,0,0
"135.swc","ITi",9.148,11.71,0,0,0,691.817999999981,0,0,8.568,0,0,0,0,0.116,0,0,0,0,0,0,0,0,0,14.905,2.137,0,0,0,0,0,0,0,0,0,0,7.014,0,0,0,0,0,0,0,0,0,0,0,0,0,0,0,0
"136.swc","ITi",0,5.1,0,0,0,166.185000000001,0,0,0,0,0,0,0,0,0,0,0,0,0,0,0,0,0,0,0,0,0,0,0,0,0,0,0,0,0,0,0,0,0,0,0,0,0,0,0,0,0,0,0,0,0,0
"137.swc","ITi",0,0,0,0,0,48.2280000000001,0,0,0,0,0,0,0,0,0,0,0,0,0,0,0,0,0,0,0,0,0,0,0,0,0,0,0,0,0,0,0,0,0,0,0,0,0,0,0,0,0,0,0,0,0,0
"138.swc","ITi",0,0,0,0,0,33.5549999999999,0,0,0,0,0,0,0,0,0,0,0,0,0,0,0,0,0,0,0,0,0,0,0,0,0,0,0,0,0,0,0,0,0,0,0,0,0,0,0,0,0,0,0,0,0,0
"139.swc","ITi",0,0,0,0,0,342.004999999994,0,0,0,0,0,0,0,0,0,0,0,0,0,0,0,0,0,0,0,0,0,0,0,0,0,0,0,0,0,0,0,0,0,0,0,0,0,0,0,0,0,0,0,0,0,0
"140.swc","ITi",0,0,0,0,0,161.454000000001,0,0,0,0,0,0,0,0,0,0,0,0,0,0,0,0,0,0,0,0,0,0,0,0,0,0,0,0,0,0,0,0,0,0,0,0,0,0,0,0,0,0,0,0,0,0
"141.swc","ITi",1.718,9.6,0,0,0,163.021,0.117,231.106999999999,0,0,0,0,0,3.063,0,0,0,0,0,0,0,0,27.677,62.787,224.651000000001,0,0,0,0,0,0,0,121.727,0,0,0,0,0,0,0,0,0,0,0,0,0,0,0,0,0,0,0
"142.swc","ITi",0,0,0,0,0,22.427,0,0,0,0,0,0,0,0,0,0,0,0,0,0,0,0,0,0,0,0,0,0,0,0,0,0,0,0,0,0,0,0,0,0,0,0,0,0,0,0,0,0,0,0,0,0
"143.swc","ITi",0,5.5,0,0,0,747.850999999984,0,0,0,0,0,0,0,0,0,0,0,0,0,0,0,0,55.362,182.748000000001,206.117000000001,15.733,0,0,0,0,0,0,14.884,0,0,0,0,0,0,0,0,0,0,0,0,0,0,0,0,0,0,0
"144.swc","CT",0,12.571,15.565,0,9.89,233.872999999999,0,0,0,9.784,2.639,19.198,0,0,0,0,0,0,0,10.978,0,0,0,0,0,0,0,0,0,0,0,0,0,0,0,0,1.614,17.456,0,0,0,0,0,0,0,0,0,0,0,0,0,0
"145.swc","ITi",0,0,0,0,0,63.795,0,0,0,0,0,0,0,0,0,0,0,0,0,0,0,0,0,0,0,0,0,0,0,0,0,0,0,0,0,0,0,0,0,0,0,0,0,0,0,0,0,0,0,0,0,0
"146.swc","ITi",0,0,0,0,0,60.7769999999999,0,0,0,0,0,0,0,0,0,0,0,0,0,0,0,0,0,0,0,0,0,0,0,0,0,0,0,0,0,0,0,0,0,0,0,0,0,0,0,0,0,0,0,0,0,0
"147.swc","ITi",0,0,0,0,0,58.1249999999998,0,0,0,0,0,0,0,0,0,0,0,0,0,0,0,0,0,0,0,0,0,0,0,0,0,0,0,0,0,0,0,0,0,0,0,0,0,0,0,0,0,0,0,0,0,0
"148.swc","ITi",0,0,0,0,0,266.101999999997,0,0,0,0,0,0,0,0,0,0,0,0,0,0,0,0,0,0,0,0,0,0,0,0,0,0,0,0,0,0,0,0,0,0,0,0,0,0,0,0,0,0,0,0,0,0
"149.swc","ITi",0,38.957,0,0,0,132.923000000002,0,0,0,0,0,0,0,0,0,0,0,0,0,0,0,0,0,0,0,0,0,0,0,0,0,0,0,0,0,0,0,0,0,0,0,0,0,0,0,0,0,0,0,0,0,0
"150.swc","ITi",0,0,0,0,0,87.0300000000008,0,0,0,0,0,0,0,0,0,0,0,0,0,0,0,0,0,0,0,0,0,0,0,0,0,0,0,0,0,0,0,0,0,0,0,0,0,0,0,0,0,0,0,0,0,0
"151.swc","ITi",0,0,0,0,0,381.288999999991,0,0,0,0,0,0,0,0,0,0,0,0,0,0,0,0,0,0,0,0,0,0,0,0,0,0,0,0,0,0,0,0,0,0,0,0,0,0,0,0,0,0,0,0,0,0
"152.swc","ITs",0,7.55,73.8580000000002,0,0,59.218,0,0,0,0,0,0,0,0,0,0,0,0,0,0,0,0,0,0,0,0,0,0,0,0,0,0,0,0,0,0,0,0,0,0,0,0,0,0,0,0,0,0,0,0,0,0
"153.swc","ITi",0,0,0,0,0,96.5340000000009,0,0,0,0,0,0,0,0,0,0,0,0,0,0,0,0,0,0,0,0,0,0,0,0,0,0,0,0,0,0,0,0,0,0,0,0,0,0,0,0,0,0,0,0,0,0
"154.swc","ITi",0,0,0,0,0,155.527000000001,0,0,0,0,0,0,0,11.867,16.705,0,0,0,0,0,0,0,0,0,0,0,0,0,0,0,0,0,0,0,0,0,0,0,0,0,0,0,0,0,0,0,0,0,0,0,0,0
"155.swc","ITi",0,0,0,0,0,20.716,0,0,0,0,0,0,0,0,0,0,0,0,0,0,0,0,0,0,0,0,0,0,0,0,0,0,0,0,0,0,0,0,0,0,0,0,0,0,0,0,0,0,0,0,0,0
"156.swc","ITi",0,0,0,0,0,43.279,0,0,0,0,0,0,0,0,0,0,0,0,0,0,0,0,0,0,0,0,0,0,0,0,0,0,0,0,0,0,0,0,0,0,0,0,0,0,0,0,0,0,0,0,0,0
"157.swc","PT",0,19.987,21.897,0,12.324,386.743999999995,0,0,0,0,0,0,0,0.649,0,0,0,0,23.611,0.905,0,0,0,0,0,0,0,0,9.338,0,0,0,0,0,75.903,0,0,0,33.823,0,0,0,0,0,0,0,0,0,0,0,0,0
"158.swc","ITi",0,0,0,0,0,31.212,0,0,0,0,0,0,0,0,0,0,0,0,0,0,0,0,0,0,0,0,0,0,0,0,0,0,0,0,0,0,0,0,0,0,0,0,0,0,0,0,0,0,0,0,0,0
"392.swc","ITs",0,8.674,261.110999999998,0,0,405.307999999996,0,0,0,0,0,0,0,9.83799999999999,0,0,0,0,0,0,0,0,0,0,0,0,0,0,0,0,0,0,0,0,0,0,0,0,0,0,0,0,0,0,0,0,0,0,0,0,0,0
"393.swc","ITi",33.53,0,0,0,0,327.935999999996,30.626,114.730000000001,63.6589999999999,0,0,0,0,1.103,0,0,0,0,0,0,0,0,0,0,0,0,0,0,0,0,0,0,0,0,0,0,0,0,0,0,0,0,0,0,0,0,0,0,0,0,0,0
"394.swc","ITi",0,0,0,0,0,78.0550000000001,0,0,0,0,0,0,0,0,0,0,0,0,0,0,0,0,0,0,0,0,0,0,0,0,0,0,0,0,0,0,0,0,0,0,0,0,0,0,0,0,0,0,0,0,0,0
"395.swc","ITi",0,0,0,0,0,131.262000000001,0,0,0,0,0,0,0,0,0,0,0,0,0,0,0,0,0,0,0,0,0,0,0,0,0,0,0,0,0,0,0,0,0,0,0,0,0,0,0,0,0,0,0,0,0,0
"396.swc","ITi",0,22.367,9.823,0,0,490.592999999997,0,0,0,0,0,0,0,0,0,0,0,0,0,0,0,0,0,0,0,0,0,0,0,0,0,0,0,0,0,0,0,0,0,0,0,0,0,0,0,0,0,0,0,0,0,0
"397.swc","ITi",0,0,0,0,0,54.9129999999998,0,0,0,0,0,0,0,0,0,0,0,0,0,0,0,0,0,0,0,0,0,0,0,0,0,0,0,0,0,0,0,0,0,0,0,0,0,0,0,0,0,0,0,0,0,0
"398.swc","CT",0,18.896,27.838,0,0.919,192.492,0,0,0,6.825,7.582,0,0,0,0,0,0,0,0,0,0,0,0,0,0,0,0,0,0,0,0,0,0,0,0,0,0,107.074000000001,0,0,0,0,0,0,0,0,0,0,0,0,0,0
"399.swc","ITs",0,62.763,1065.83499999999,23.79,0,803.249999999991,0,0,0,0,0,0,0,0,0,0,0,0,0,0,0,0,0,0,0,0,0,3.746,0,0,0,0,0,0,0,2.527,0,0,0,0,0,0,0,0,0,0,0,0,0,0,0,0
"400.swc","CT",0,44.2719999999999,456.232999999998,13.562,3.807,787.172999999986,0,1.743,0,0,0,0,0,142.900000000002,11.627,0,184.196000000002,0,0,0,0,0,0,0,0,0,0,7.884,0,0,85.8819999999999,0,0,0,0,0,0,0,0,4.906,0,0,0,0,0,0,0,0,0,0,0,0
"401.swc","ITs",0,41.252,23.251,0,0,100.301000000001,0,0,0,0,0,0,0,0,0,0,130.908000000001,0,0,0,0,0,0,0,0,0,0,0,0,0,0,0,0,0,0,14.885,0,0,0,0,0,0,0,0,0,0,0,0,0,0,0,0
"402.swc","ITs",0,86.9560000000005,9.11999999999999,0,0,113.482000000001,0,0,0,0,0,0,0,46.955,5.28,0,271.129,0,0,0,0,0,0,0,0,0,0,0,0,0,0,0,0,0,0,18.293,0,0,0,0,0,0,0,0,0,0,0,0,0,0,0,0
"403.swc","ITi",4.453,34.049,0,0,0,350.248999999999,0,763.438999999994,0,0,0,0,0,0,0,0,0,0,0,0,0,0,0,0,0,17.233,0,0,0,0,0,0,0,0,0,2.473,0,0,0,0,42.6669999999999,218.740000000001,3.526,175.613000000001,9.17899999999999,0,0,0,0,0,0,0
"404.swc","ITi",0,0.742,0,0,0,70.9260000000001,0,0,0,0,0,0,0,0,0,0,0,0,0,0,0,0,0,0,0,0,0,0,0,0,0,0,0,0,0,0,0,0,0,0,0,0,0,0,0,0,0,0,0,0,0,0
"405.swc","ITs",0,47.943,116.035000000001,9.39399999999999,0,238.725999999998,0,240.928000000001,11.907,0,0,0,0,6.34599999999999,0,0,0,0,0,0,0,0,0,0,0,0,0,0,0,0,0,0,0,0,0,0,0,0,0,0,0,0,0,0,0,0,0,0,0,0,0,0
"406.swc","ITi",0,0,0,0,0,267.185999999997,0,0,0,0,0,0,0,0,0,0,0,0,0,0,0,0,0,0,0,0,0,0,0,0,0,0,0,0,0,0,0,0,0,0,0,0,0,0,0,0,0,0,0,0,0,0
"407.swc","ITi",0,19.814,9.491,0,0,131.435000000002,0,0,0,0,0,0,0,0,0,0,0,0,0,0,0,0,0,0,0,0,0,0,0,0,0,0,0,0,0,0,0,0,0,0,0,0,0,0,0,0,0,0,0,0,0,0
"408.swc","ITi",0,0,0,0,0,23.713,0,0,0,0,0,0,0,0,0,0,0,0,0,0,0,0,0,0,0,0,0,0,0,0,0,0,0,0,0,0,0,0,0,0,0,0,0,0,0,0,0,0,0,0,0,0
"409.swc","ITs",0,27.242,62.164,0,0.249,112.664000000001,0,0,0,0,0,0,0,4.233,0,0,0,0,0,0,0,0,0,0,0,0,0,0,0,0,0,0,0,0,0,0,0,0,0,0,0,0,0,0,0,0,0,0,0,0,0,0
"410.swc","ITi",0,0,0,0,0,52.1449999999998,0,0,0,0,0,0,0,0.82,0,0,0,0,0,0,0,0,0,0,0,0,0,0,0,0,0,0,0,0,0,0,0,0,0,0,0,0,0,0,0,0,0,0,0,0,0,0
"411.swc","ITi",0,0,0,0,0,114.490000000002,0,0,0,0,0,0,0,0,0,0,0,0,0,0,0,0,0,0,0,0,0,0,0,0,0,0,0,0,0,0,0,0,0,0,0,0,0,0,0,0,0,0,0,0,0,0
"412.swc","ITi",0,0,0,0,0,61.5449999999999,0,0,0,0,0,0,0,0,0,0,0,0,0,0,0,0,0,0,0,0,0,0,0,0,0,0,0,0,0,0,0,0,0,0,0,0,0,0,0,0,0,0,0,0,0,0
"413.swc","ITi",0,0,0,0,0,68.2020000000002,0,0,0,0,0,0,0,0,0,0,0,0,0,0,0,0,0,0,0,0,0,0,0,0,0,0,0,0,0,0,0,0,0,0,0,0,0,0,0,0,0,0,0,0,0,0
"414.swc","PT",0,25.636,149.632000000002,81.233,0.827,344.033999999997,0,0,0,0,0,0,0,2.245,0,0,0,0,93.9789999999999,0,0,25.866,0,0,0,0,0,0,0.464,0,0,0,0,0,8.72899999999999,0,0,0,0,5.154,0,0,0,0,0,84.613,217.593000000001,32.28,7.397,0,0,0
"415.swc","ITi",13.969,108.279000000001,3.642,0,0,740.701999999992,0,102.599000000001,0,0,0,0,0,947.579999999992,0,0,230.478,0,0,0,0,0,0,0,0,0,0,0,0,0,0,0,0,0,0,0,0,0,0,0,0,0,0,0,0,0,0,0,0,0,0,0
"416.swc","ITi",0,0,0,0,0,216.933,0,0,0,0,0,0,0,0,0,0,0,0,0,0,0,0,0,0,0,0,0,0,0,0,0,0,0,0,0,0,0,0,0,0,0,0,0,0,0,0,0,0,0,0,0,0
"417.swc","ITi",111.221000000002,25.999,0,0,0,490.812999999997,0,0,0,0,0,0,0,51.9879999999999,0,0,0,0,0,0,0,0,0,0,0,0,0,0,0,0,0,0,0,0,0,27.008,0,0,0,0,0,0,2.219,0,0,0,0,0,0,0,0,0
"418.swc","CT",0,20.152,21.587,0,0,156.542000000001,0,0,0,20.89,21.832,1.345,0,0,0,0,0,0,0,32.546,0,0,0,0,0,0,0,0,0,0,0,0,0,0,0,0,7.539,54.742,0,0,0,0,0,0,0,0,0,0,0,0,0,0
"419.swc","ITi",0,22.241,0,0,0,175.863000000002,0,0,0,0,0,0,0,0.474,0,0,8.33899999999999,0,0,0,0,0,0,0,0,0,0,0,0,0,0,0,0,0,0,0,0,0,0,0,0,0,0,0,0,0,0,0,0,0,0,0
"420.swc","ITi",0,38.03,0,0,0,70.348,0,0,0,0,0,0,0,0,0,0,0,0,0,0,0,0,0,0,0,0,0,0,0,0,0,0,0,0,0,0,0,0,0,0,0,0,0,0,0,0,0,0,0,0,0,0
"421.swc","CT",0,20.629,23.085,0,0,98.6380000000003,0,0,0,1.63,0,0,0,0,0,0,0,0,0,15.679,0,0,0,0,0,0,0,0,0,0,0,0,0,0,0,0,0,0,0,0,0,0,0,0,0,0,0,0,0,0,0,0
"424.swc","CT",0,19.522,23.33,0,0.873,281.090999999998,0,0,0,0.949,6.176,0,0,0,0,0,0,0,0,108.265000000001,0,0,0,0,0,0,0,0,0,0,0,0,0,0,0,0,0,0,0,0,0,0,0,0,0,0,0,0,0,0,0,0
"425.swc","ITi",0,13.879,0,0,0,145.958000000002,0,0,0,0,0,0,0,0,0,0,0,0,0,0,0,0,0,0,0,0,0,0,0,0,0,0,0,0,0,23.383,0,0,0,0,0,0,0,0,0,0,0,0,0,0,0,0
"426.swc","ITi",0,0,0,0,0,83.9410000000008,0,0,0,0,0,0,0,0,0,0,0,0,0,0,0,0,0,0,0,0,0,0,0,0,0,0,0,0,0,0,0,0,0,0,0,0,0,0,0,0,0,0,0,0,0,0
"427.swc","ITi",0,0,0,0,0,45.688,0,0,0,0,0,0,0,0,0,0,0,0,0,0,0,0,0,0,0,0,0,0,0,0,0,0,0,0,0,0,0,0,0,0,0,0,0,0,0,0,0,0,0,0,0,0
"428.swc","ITi",0,0,0,0,0,284.775999999997,0,0,0,0,0,0,0,0,0,0,0,0,0,0,0,0,0,0,0,0,0,0,0,0,0,0,0,0,0,0,0,0,0,0,0,0,0,0,0,0,0,0,0,0,0,0
"429.swc","ITi",0,0,0,0,0,40.7849999999999,0,0,0,0,0,0,0,0,0,0,0,0,0,0,0,0,0,0,0,0,0,0,0,0,0,0,0,0,0,0,0,0,0,0,0,0,0,0,0,0,0,0,0,0,0,0
"430.swc","ITs",0,4.305,6.11799999999999,0,0,922.101999999988,0,0,0,0,0,0,0,122.830000000002,0,0,8.632,0,0,0,0,0,0,0,0,0,0,0,0,0,0,0,0,0,0,0,0,0,0,0,0,0,0,0,0,0,0,0,0,0,0,0
"431.swc","ITs",0,26.136,316.809,0,0,460.876999999995,0,0,0,0,0,0,0,5.364,0,0,0,0,0,0,0,0,0,0,0,0,0,0,0,0,0,0,0,0,0,0,0,0,0,0,0,0,0,0,0,0,0,0,0,0,0,0
"432.swc","PT",0,18.495,18.089,0,0,163.865000000002,0,0,0,21.384,21.284,16.997,0,0.627,0,0,0,0,0,23.7,0,0,0,0,0,0,0,0,0,0,0,0,0,0,0,0,7.92999999999999,76.6869999999998,0,0.122,0,0,0,0,0,11.653,0,0,0,0,0,0
"433.swc","ITs",0,54.5840000000001,36.212,0,1.544,568.150999999991,0,0,0,0,0,0,0,0,0,0,0,0,0,0,0,0,77.7910000000005,0,0,0,33.746,0,0,0,0,0,0,0,0,0,0,0,0,0,0,0,0,0,0,0,0,0,0,0,0,0
"434.swc","CT",0,17.262,19.737,0,0,37.439,0,0,0,2.882,0,47.928,0,0,0,0,0,0,6.01,23.011,0,0,0,0,0,0,0,0,0,0,0,0,0,0,0,0,0,171.628000000001,0,17.435,0,0,0,0,0,0,0,0,0,0,0,0
"435.swc","ITi",0,0,0,0,0,32.951,0,0,0,0,0,0,0,0,0,0,0,0,0,0,0,0,0,0,0,0,0,0,0,0,0,0,0,0,0,0,0,0,0,0,0,0,0,0,0,0,0,0,0,0,0,0
"436.swc","ITi",0,30.844,0,0,0,835.577999999986,0,653.220999999996,0,0,0,0,0,0,0,0,0,0,0,0,0,0,0,0,0,0,0,0,0,0,0,0,0,0,0,0,0,0,0,0,0,0,0,0,0,0,0,0,0,0,0,0
"437.swc","ITs",269.811999999998,61.9539999999999,810.711999999987,233.885,0,665.909999999989,0.296,155.859000000001,139.145000000002,0,0,0,0,0,0,10.76,918.245999999991,0,0,0,0,11.187,0,70.8859999999998,0,0,7.082,30.13,0,0,0,0,0,0,0,0,0,0,0,0,0,0,0,0,0,0,0,0,0,0,0,0
"441.swc","ITi",0,7.554,0,0,0,104.679000000001,0,0,0,0,0,0,0,0,0,0,0,0,0,0,0,0,0,0,0,0,0,0,0,0,0,0,0,0,0,0.206,0,0,0,0,0,0,0,0,0,0,0,0,0,0,0,0
"442.swc","ITs",24.62,82.2600000000003,12.842,0,0,726.423999999992,0,0,0,0,0,0,0,0,1.713,0,0,0,0,0,0,0,0,0,0,0,0,0,0,0,0,0,0,174.450000000001,0,0,0,0,0,0,0,0,0,0,0,0,0,0,0,276.001999999999,247.052,0
"443.swc","ITi",210.272,30.091,0,0,0,489.237999999992,16.981,0,0,0,0,0,0,0,0,0,0,0,0,0,0,0,0,0,0,0,0,0,0,0,0,0,0,0,0,45.4659999999999,0,0,0,0,0,0,0,0,0,0,0,0,0,0,0,0
"445.swc","ITs",0,21.638,70.588,0,0,287.538999999998,0,0,0,0,0,0,0,0,0,0,0,0,0,0,0,0,0,0,0,0,0,27.247,0,6.35199999999999,0,0,0,0,0,0,0,0,0,0,0,0,0,0,0,0,0,0,0,0,0,0
"446.swc","ITi",0,22.329,5.832,0,0,262.473999999999,0,0,0,0,0,0,0,0,0,0,0,0,0,0,0,0,0,0,0,0,0,0,0,0,0,0,0,0,0,0,0,0,0,0,0,0,0,0,0,0,0,0,0,0,0,0
"447.swc","ITs",0,9.253,99.8240000000015,0,0,334.179999999997,0,0,0,0,0,0,0,0,0,0,0,0,0,0,0,0,0,0,0,0,0,0,0,0,0,0,0,0,0,0,0,0,0,0,0,0,0,0,0,0,0,0,0,0,0,0
"448.swc","ITc",0,10.096,30.111,0,0,117.507000000002,0,0,0,0,0,0,0,0,0,0,0,0,0,0,0,0,0,0,0,0,0,0,0,0,0,0,0,47.818,0,0,0,0,0,0,0,0,0,0,0,0,0,0,0,0,0,0
"449.swc","ITi",0,0,0,0,0,27.6119999999999,0,0,0,0,0,0,0,0,0,0,0,0,0,0,0,0,0,0,0,0,0,0,0,0,0,0,0,0,0,0,0,0,0,0,0,0,0,0,0,0,0,0,0,0,0,0
"450.swc","ITs",0,28.5719999999999,14.623,0,0,86.4390000000007,0,0,0,0,0,0,0,0,0,0,0,0,0,0,0,0,0,0,0,0,0,0,0,0,0,0,0,0,0,0,0,0,0,0,0,0,0,0,0,0,0,0,0,0,0,0
"451.swc","ITi",0,0,0,0,0,23.523,0,0,0,0,0,0,0,0,0,0,0,0,0,0,0,0,0,0,0,0,0,0,0,0,0,0,0,0,0,0,0,0,0,0,0,0,0,0,0,0,0,0,0,0,0,0
"452.swc","ITi",71.3030000000001,26.715,0,0,0,442.566999999991,0,224.492,0,0,0,0,0,0,0,0,0,0,0,0,0,0,0,0,0,0,0,0,0,0,0,0,0,0,0,0,0,0,0,0,0,0,0,0,0,0,0,0,0,0,0,0
"453.swc","ITi",0,0,0,0,0,101.627000000001,0,0,0,0,0,0,0,0,0,0,0,0,0,0,0,0,0,0,0,0,0,0,0,0,0,0,0,0,0,0,0,0,0,0,0,0,0,0,0,0,0,0,0,0,0,0
"454.swc","ITi",0,27.148,0,0,0,86.0930000000008,0,0,0,0,0,0,0,0,0,0,130.731000000001,0,0,0,0,0,0,0,0,0,0,0,0,0,0,0,0,0,0,8.32,0,0,0,0,0,0,0,0,31.567,0,0,0,0,0,0,0
"455.swc","ITi",0,0,0,0,0,67.0450000000003,0,0,0,0,0,0,0,0,0,0,0,0,0,0,0,0,0,0,0,0,0,0,0,0,0,0,0,0,0,0,0,0,0,0,0,0,0,0,0,0,0,0,0,0,0,0
"456.swc","ITi",0,0,0,0,0,148.380000000001,0,0,0,0,0,0,0,0,0,0,0,0,0,0,0,0,0,0,0,0,0,0,0,0,0,0,0,0,0,0,0,0,0,0,0,0,0,0,0,0,0,0,0,0,0,0
"457.swc","ITi",0,55.0529999999999,0,0,0,250.094,0,0,0,0,0,0,0,0,0,0,228.742,0,0,0,0,0,0,0,0,0,0,0,0,0,0,0,0,0,0,17.294,0,0,0,0,0,0,28.8319999999999,0,129.877000000002,0,0,0,0,0,0,0
"462.swc","ITi",0,0,0,0,0,15.341,0,0,0,0,0,0,0,0,0,0,0,0,0,0,0,0,0,0,0,0,0,0,0,0,0,0,0,0,0,0,0,0,0,0,0,0,0,0,0,0,0,0,0,0,0,0
"463.swc","CT",0,17.83,18.068,0,0,39.003,0,0,0,8.922,8.855,22.47,0,0,0,0,0,0,0,3.716,0,0,0,0,0,0,0,0,0,0,0,0,0,0,0,0,6.267,42.9559999999999,0,2.687,0,0,0,0,0,0,0,0,0,0,0,0
"464.swc","ITi",0,0.188,0,0,0,62.1199999999999,0,0,0,0,0,0,0,0,0,0,0,0,0,0,0,0,0,0,0,0,0,0,0,0,0,0,0,0,0,0,0,0,0,0,0,0,0,0,0,0,0,0,0,0,0,0
"465.swc","ITs",0,45.6279999999999,5.89599999999999,0,0,84.563000000001,0,0,0,0,0,0,0,0,0,0,4.784,0,0,0,0,0,0,0,0,0,0,0,0,0,0,0,0,0,0,17.461,0,0,0,0,0,0,0,0,4.149,0,0,0,0,0,0,0
"466.swc","ITi",0,1.623,0,0,0,61.381,0,0,0,0,0,0,0,0,0,0,0,0,0,0,0,0,0,0,0,0,0,0,0,0,0,0,0,0,0,0,0,0,0,0,0,0,0,0,0,0,0,0,0,0,0,0
"467.swc","ITi",0,5.97,0,0,0,90.835,0,0,0,0,0,0,0,0,0,0,0,0,0,0,0,0,0,0,0,0,0,0,0,0,0,0,0,0,0,0,0,0,0,0,0,0,0,0,0,0,0,0,0,0,0,0
"468.swc","ITi",0,4.038,0,0,0,43.3589999999999,0,0,0,0,0,0,0,0,0,0,0,0,0,0,0,0,0,0,0,0,0,0,0,0,0,0,0,0,0,0,0,0,0,0,0,0,0,0,0,0,0,0,0,0,0,0
"470.swc","ITi",0,0,0,0,0,29.948,0,0,0,0,0,0,0,0,0,0,0,0,0,0,0,0,0,0,0,0,0,0,0,0,0,0,0,0,0,0,0,0,0,0,0,0,0,0,0,0,0,0,0,0,0,0
"471.swc","ITi",0,0,0,0,0,106.339000000001,0,0,0,0,0,0,0,0,0,0,0,0,0,0,0,0,0,0,0,0,0,0,0,0,0,0,0,0,0,0,0,0,0,0,0,0,0,0,0,0,0,0,0,0,0,0
"472.swc","ITs",723.494999999993,25.197,623.461999999995,79.8029999999999,69.128,77.9679999999999,183.99,0,0,0,0,0,0,0,0,0,0,0,0,0,0,9.775,15.679,0,0,0,2.685,44.099,0,5.839,0,0,0,0,0,0,0,0,0,0,0,0,0,0,0,0,0,0,0,0,0,0
"473.swc","CT",143.381000000001,8.574,70.877,31.575,7.129,0,0,0,0,1.685,21.603,41.283,115.355000000001,0,0,0,0,1.177,0,0,0,30.399,0,0,0,0,16.717,0,0,0,0,0,0,0,0,0,0,0,0,0,0,0,0,0,0,0,0,0,0,0,0,0
"474.swc","ITs",543.366999999991,10.459,25.598,0,0,0,0,0,0,0,0,0,0,0,0,0,0,0,0,0,0,0,5.39,0,0,0,114.491000000002,4.719,0,0,0,0,0,0,0,0,0,0,0,0,0,0,0,0,0,0,0,0,0,0,0,0
"475.swc","ITs",564.757,3.459,739.95099999999,0,0,59.346,238.156000000002,0,0,0,0,0,0,0,0,0,0,0,0,0,0,43.544,141.028,48.8189999999999,60.658,0,0,0,0,0,0,0,15.837,0,0,0,0,0,0,0,0,0,0,0,0,0,0,0,0,498.291000000001,0,40.0089999999999
"476.swc","ITi",838.880999999984,18.312,0,0,0,93.2250000000004,162.489000000002,157.437,31.746,0,0,0,0,0,0,0,0,0,0,0,0,0,83.3239999999999,0,0,0,0,170.274000000001,0,9.57099999999999,0,0,102.093,0,0,0,0,0,0,0,0,0,0,0,0,0,0,0,0,0,0,0
"477.swc","ITs",520.071000000002,45.584,101.14,42.062,6.979,0,3.178,7.408,27.597,0,0,0,0,0,0,0,0,0,0,0,0,6.783,0,0,0,0,1.12,17.54,0,0,0,0,0,0,0,0,0,0,0,0,0,0,0,0,0,0,0,0,0,0,0,0
"478.swc","ITs",326.457999999998,92.7590000000007,795.960999999991,269.437000000003,121.137000000002,160.165000000001,4.54,0,0,0,0,0,0,49.15,0,0,0,0,0,0,0,0,0,0,0,0,8.421,128.557,0,0,0,0,0,0,0,0,0,0,0,0,0,0,0,0,0,0,0,0,0,0,0,0
"479.swc","ITi",276.569999999997,7.944,0.138,0,0,0,0,0,0,0,0,0,0,0,0,0,0,0,0,0,0,0,0,0,0,0,0,0,0,0,0,0,0,0,0,0,0,0,0,0,0,0,0,0,0,0,0,0,0,0,0,0
"480.swc","ITi",106.658000000001,20.964,0.655,0,0,0,46.6389999999999,0,0,0,0,0,0,0,0,0,0,0,0,0,0,0,0,0,0,0,0,0,0,0,0,0,0,0,0,0,0,0,0,0,0,0,0,0,0,0,0,0,0,0,0,0
"481.swc","ITi",349.941999999996,1.252,0,0,0,0,321.800000000002,0,0,0,0,0,0,0,0,0,0,0,0,0,0,0,0,0,0,0,0,0,0,0,0,0,0,0,0,0,0,0,0,0,0,0,0,0,0,0,0,0,0,132.211000000002,0,118.062
"482.swc","ITs",374.396999999996,0,160.052000000001,0,14.21,44.0159999999999,18.52,0,0,0,0,0,0,0,0,0,0,0,0,0,0,22.334,0,0,0,0,0,0,0,0,0,0,0,0,0,2.713,0,0,0,0,0,0,0,0,0,0,0,0,0,0,0,0
"483.swc","ITi",297.277999999999,57.204,7.092,1.967,0,0,46.9540000000001,0,0,0,0,0,0,0,0,0,0,0,0,0,0,0,21.703,0,0,0,16.659,5.879,0,0,0,0,72.3469999999999,0,0,0,0,0,0,0,0,0,0,0,0,0,0,0,0,0,0,0
"484.swc","ITs",85.6879999999999,10.622,1.232,0,0,0,0,0,0,0,0,0,0,0,0,0,0,0,0,0,0,0,0,0,0,0,0,0,0,0,0,0,0,0,0,0,0,0,0,0,0,0,0,0,0,0,0,0,0,0,0,0
"485.swc","ITi",46.7099999999999,0,0,0,0,0,0,0,0,0,0,0,0,0,0,0,0,0,0,0,0,0,0,0,0,0,0,0,0,0,0,0,0,0,0,0,0,0,0,0,0,0,0,0,0,0,0,0,0,0,0,0
"486.swc","ITi",54.8759999999999,0,0,0,0,0,0,0,0,0,0,0,0,0,0,0,0,0,0,0,0,0,0,0,0,0,0,0,0,0,0,0,0,0,0,0,0,0,0,0,0,0,0,0,0,0,0,0,0,0,0,0
"487.swc","ITi",30.392,0,0,0,0,0,0,0,0,0,0,0,0,0,0,0,0,0,0,0,0,0,0,0,0,0,0,0,0,0,0,0,0,0,0,0,0,0,0,0,0,0,0,0,0,0,0,0,0,0,0,0
"488.swc","ITi",53.827,0,0,0,0,0,0,0,0,0,0,0,0,0,0,0,0,0,0,0,0,0,0,0,0,0,0,0,0,0,0,0,0,0,0,0,0,0,0,0,0,0,0,0,0,0,0,0,0,0,0,0
"489.swc","PT",108.477000000001,8.515,81.063,0,7.945,0,0,0,0,3.503,0,0,0,0,0,0,0,48.0359999999999,19.931,9.916,5.99499999999999,0,0,0,0,0,0,0,0,0,0,0,0,0,0,0,0,0,0,0,0,0,0,0,0,7.15899999999999,0,0,0,0,0,0
"490.swc","ITs",802.39399999999,13.029,522.646999999997,15.017,4.574,0,412.147999999999,0,0,0,0,0,0,0,0,0,0,0,0,0,0,1.964,184.827,113.322,7.219,0.586,80.503,1.456,0,0,0,0,293.720000000002,0,0,0,0,0,0,0,0,0,0,0,0,0,0,0,0,0,0,0
"491.swc","ITs",248.743000000002,14.959,11.007,0,0,0,0,0,0,0,0,0,0,0,0,0,0,0,0,0,0,0,51.778,0,0,0,6,0,0,0,0,0,3.104,0,0,0,0,0,0,0,0,0,0,0,0,0,0,0,0,0,0,0
"492.swc","ITs",323.571999999999,0,17.192,0,0,0,22.631,0,0,0,0,0,0,0,0,0,0,0,0,0,0,0,0,0,0,0,0,0,0,0,0,0,0,0,0,0,0,0,0,0,0,0,0,0,0,0,0,0,0,0,0,0
"493.swc","ITs",308.547000000005,151.474000000001,94.2739999999999,0,0.137,0,39.159,0,0,0,0,0,0,0,0,0,0,0,0,0,0,0,8.834,0,0,0,62.31,8.20199999999999,0,0,0,0,0,0,0,0,0,0,0,0,0,0,0,0,0,0,0,0,0,0,0,0
"494.swc","ITi",85.9739999999999,0,0,0,0,0,1.824,0,0,0,0,0,0,0,0,0,0,0,0,0,0,0,0,0,0,0,0,0,0,0,0,0,0,0,0,0,0,0,0,0,0,0,0,0,0,0,0,0,0,0,0,0
